12 by 12 -> 23
  220512241115
  050301010135
  145334435442
  055410020501
  115015101341
  540123454434
  005154123544
  342420355535
  412520311103
  554304552042
  255022011245
  212510012340
12 by 12 -> 25
  550341202153
  234410014244
  024543352002
  400322505301
  454431552210
  025453105532
  031034230441
  020022301202
  025102042125
  445450533123
  041421523155
  011512344535
12 by 12 -> 23
  411320441450
  020525243542
  233002505255
  252441511103
  020001330510
  124302214234
  510420535355
  545432454452
  515401100051
  354233352532
  101440102541
  103100053512
12 by 12 -> 27
  135102001110
  503234534242
  331305314145
  340152114321
  502005331410
  125231115534
  124212332002
  300403512052
  403545155055
  121423450334
  412230142512
  103121150424
12 by 12 -> 24
  211453312401
  412053313540
  542003541254
  322405245204
  404152523412
  250451551532
  511123454240
  535300412025
  234403221243
  454002013454
  220454503253
  131402103404
