12 by 12 -> 23
  412112353141
  001002545010
  052222522225
  024201345000
  115004015000
  352514213143
  153503032215
  010144431203
  011455242532
  211422015311
  510454113012
  355333315203
16 by 16 -> 26
  1115113510214135
  0445310542052211
  3150420335145125
  0105513551415130
  1314013105415244
  5532253535243541
  4432221120122044
  4541034341152051
  2320421313524230
  4445535405241335
  5304100133054044
  4153221254305032
  5034531013402424
  0130220245245150
  2421455540351141
  0420022014313315
16 by 16 -> 24
  1042241233544123
  3355103502324253
  5211244221215034
  2203331310133455
  5113354243310111
  1012521254044152
  5350034523405311
  2400024150520045
  4224320143020242
  0314124215304223
  1144104344524542
  5023400444234352
  0542323341454444
  3520435410121433
  1331140453120100
  0451422113445555
16 by 16 -> 23
  2442231500023305
  5101510003343130
  4410402133310044
  0152544103113443
  4021332323331232
  0341334102023155
  5301404150041403
  1151004424405055
  4303420013305332
  5113545404105543
  1450243220441430
  0302250513145432
  2535355205541454
  3512330540510422
  3412042404533140
  4434415100004202
16 by 16 -> 20
  2232205031134205
  2255551254322114
  2204050032452354
  4331350003553511
  5344233145343104
  3123455551035313
  0343424443310102
  1300410320314233
  0234153244344414
  4321545100023500
  4055024433251233
  4151333431332032
  1310334445414434
  1025345045315042
  5000224433521421
  5424415025355051
16 by 16 -> 24
  2545520445344024
  1033403353442114
  2143344442045322
  1520045054052511
  1023512144501243
  4230523232005244
  2334343354103310
  2124332123453054
  2003015035442132
  2321022305221443
  3343521131035402
  1350525004153122
  1302034011051321
  1022320221354332
  1325521404232441
  4442122013205351
16 by 16 -> 24
  3101224315325435
  4215532001112423
  0112201353012041
  1405451054544020
  0010211001552313
  4105102100520111
  4052003052240445
  0534033244555042
  3231213155152022
  4400112533315243
  3235331421104541
  3530312440035514
  2152310421501452
  3242504520155212
  4150415342421123
  2444124355154313
16 by 16 -> 23
  2423355513204331
  1205034205433140
  0301403450454052
  4055112544513222
  2145224233505312
  4400042304420205
  4354202000000441
  1111252145435311
  2424101031050332
  0225112131350220
  2304420052432251
  4252225403112454
  4532354431425001
  5012230411125241
  4530415533031340
  4002435332132501
16 by 16 -> 23
  3005122420243330
  2523313033153210
  1421141540451103
  3323301211014121
  2300133513454445
  5343035531321010
  2233405045424401
  2525412025000453
  4554405200215124
  4325412322344012
  4300235553114215
  3401213043230030
  1214055353510442
  0434055352525055
  1440235332441100
  0021355420244034
16 by 16 -> 25
  2222455350501553
  5453420431154133
  1240030310042441
  3435315514545522
  2305432130022325
  0053540005234040
  3521145213215250
  4142423211225404
  5132132035103450
  5510140152351231
  5555324115345243
  4101045443431354
  0015230443001115
  0355534001305453
  3154401351543214
  1004453204351152
16 by 16 -> 21
  2041040432125441
  2212050220055314
  0000251413202133
  5322211103025100
  3335452141131234
  5151110424355331
  4043233412230024
  2052223505223552
  3235241313300510
  0230021223510023
  3513143105005354
  2155152023311250
  0541035235555232
  4503532540441541
  5442243542140531
  3120154444201505
