12 by 12 -> 18
  212314502535
  442552450014
  203440223144
  545111035022
  423323423223
  002115325033
  333245053035
  144141035024
  320001002300
  025314220344
  234330242044
  304203232521
12 by 12 -> 18
  111221033434
  500052415405
  354420333125
  130215443211
  430550314030
  040450054424
  020313423521
  330550202523
  141215041513
  145253430313
  200112321054
  430444511004
12 by 12 -> 18
  213320102030
  250435101015
  133201145430
  110023504440
  444135111141
  424301434211
  042441251253
  030202352455
  142234533404
  415545230513
  514004541452
  032005013245
12 by 12 -> 19
  141125334132
  013344004515
  253352554324
  355225115312
  102342231331
  512010154334
  110433032321
  321414454511
  052553013522
  444421440305
  331011211520
  425305541440
12 by 12 -> 19
  544551541022
  315250005020
  413523143551
  323152145210
  051520311440
  431243034231
  430210230452
  201403022030
  212113225420
  451022010255
  104225050510
  021112244333
