12 by 12 -> 21
  112200424321
  334311055013
  041151302114
  153133204303
  335012323104
  021334254405
  054234523243
  035203054423
  302035102514
  202100031505
  314345145550
  134352440331
12 by 12 -> 21
  503313144324
  503500424500
  245050111455
  231232035011
  335133023320
  023554003122
  052214303220
  111121244405
  555501420241
  020501510403
  345402014023
  033320451215
12 by 12 -> 22
  154200301300
  534332004203
  210121342543
  011413134431
  252430525104
  410103353451
  404300203100
  010432534211
  235451343033
  333132555323
  451115531433
  351052430354
12 by 12 -> 18
  213315205230
  133100025523
  433424210252
  123331433305
  223444024310
  251054135435
  103144450455
  233121412342
  145514455514
  545202022531
  402131352410
  225402043453
12 by 12 -> 21
  441010512551
  523334033103
  211441031133
  132452421505
  500044550344
  421034233454
  112315010144
  245420101010
  445240432441
  232505401430
  003425320011
  043202151540
