16 by 16 -> 27
  2000225241521230
  0302445243402524
  4215332030011104
  0524245302134054
  1451331304102135
  3150042432445433
  4334545225203125
  3334211043514243
  2323555535053153
  3413114031050552
  5433140540403224
  4411240244123345
  3532223455322054
  1115543400504113
  1210544533250400
  5013045031152153
16 by 16 -> 26
  5103131515032243
  3240125433503031
  0031454115352154
  3435400305111405
  3403243203553514
  1453021532425441
  1013245440115145
  1055135012043230
  3545225141423254
  2344303322302213
  3120015431441540
  3152525125212534
  1524331432400530
  4103412042552552
  1111415342255443
  2214134000320142
16 by 16 -> 27
  1551424514552030
  2210330240410150
  1101020424145324
  1443152401502114
  5414503204144312
  3542132011414102
  4105334233541431
  3051314232213502
  4050245221542140
  0414411342223520
  2324255444234440
  5124332340451343
  1354152040545453
  3215540242014345
  2005524124413242
  4212542445411543
16 by 16 -> 26
  5331305442502014
  1052234054300020
  0423345110524421
  4535411354455154
  1552204430335350
  5531151441011240
  0222253100415011
  3232231220020422
  5541414405232052
  4140345430255154
  2544430412522240
  2254451143205451
  5534140440225452
  5451052033330040
  2235045213320020
  1130132024144355
16 by 16 -> 26
  0451130155123222
  1410524244003220
  2204222220550105
  0103131533410020
  0052353002015433
  2245003102502134
  4133041340432431
  3312021151015305
  5201432305210405
  5052124445354051
  2110424145230255
  3541523525220253
  5055315203435154
  0552145021521013
  5413105251455421
  5524210333230032
16 by 16 -> 23
  2214113120130413
  1134203542134151
  4130300154200503
  5000221324150001
  5315325201452415
  1502512435331130
  3135422233253243
  0551240435355250
  2442332301520244
  4535441200141533
  3003225232354223
  1111155154315514
  4012244414310013
  0223242152340030
  5140340503542100
  2330450025355330
16 by 16 -> 26
  2034152040253540
  3441302245151553
  2440543015445034
  0250241100232103
  0230323413501054
  4535200023225540
  4513302323335032
  4332121053453411
  5415054430354021
  4111002052551002
  1245121331313413
  2253331502540332
  4445255453201532
  2023225334412540
  5250313220051224
  3053412344524040
16 by 16 -> 24
  2442542140510540
  5054204313352544
  4452453304433551
  1532300520152340
  2444441354551233
  4553232124321244
  3452114213000223
  0140511522224202
  0314230204455213
  4351331110255210
  5413555314233411
  2435511102234053
  0425524102203051
  4233315532035100
  1032232411045115
  5015001423514514
16 by 16 -> 25
  1203340141002152
  5542444354511022
  2155012543052455
  3041304120154022
  2042120002554534
  1101232020404241
  1300353211220021
  0252305305543120
  4300111343124152
  0211251112532141
  1520541131422130
  4402140451030125
  2125454435353012
  1302403422403111
  1541531243150102
  3524242121310420
16 by 16 -> 28
  3531323341323521
  1200500340353433
  0503525211324043
  4100023324255204
  3113520442234501
  3332040454410512
  5243341241342345
  3400520035101101
  1000043253253513
  0014434425403453
  5411111300304224
  4413400505135324
  2045413412322553
  5040205422234412
  3440022055304521
  3354002115110255
